4294967279,138
4294967278,274
4294967279,136
15,4
4294967279,367
4294967278,287
4294967279,282
14,4
4294967279,281
4294967278,286
4294967278,284
4294967278,283
4294967278,282
4294967279,275
4294967278,266
4294967279,366
4294967278,264
4294967294,1150
4294967279,263
4294967278,263
4294967279,365
4294967278,561
4294967279,258
4294967278,278
4294967279,272
4294967278,258
4294967279,364
4294967278,257
4294967279,279
4294967278,275
4294967279,251
4294967278,253
4294967279,249
4294967279,248
4294967278,560
11,4
4294967279,363
4294967278,559
4294967279,362
4294967278,558
4294967278,557
4294967279,245
4294967278,556
4294967278,250
4294967279,361
4294967279,244
4294967278,555
4294967278,249
4294967278,554
9,5
4294967279,360
4294967278,247
4294967279,242
4294967278,246
4294967279,359
3,2
4294967278,243
4294967279,358
4294967278,242
4294967279,238
4294967278,553
4294967279,239
4294967278,239
4294967279,236
4294967294,971
4294967278,237
4294967279,357
4294967279,232
4294967279,234
3,3
4294967278,552
4294967279,356
4294967278,233
4294967279,230
4294967278,231
4294967279,228
4294967278,229
4294967279,226
4294967278,227
4294967279,224
4294967278,225
4294967279,222
4294967278,223
4294967294,469
3,4
4294967279,220
5,4
4,4
4294967278,220
4294967279,218
4294967278,219
4294967279,215
4294967278,216
4294967279,214
4294967278,215
4294967279,212
4294967278,212
4294967279,210
4294967278,551
4294967279,355
4294967278,210
4294967279,354
4294967278,550
4294967279,353
4294967278,549
4294967279,352
4294967278,548
4294967279,205
4294967278,547
4294967279,351
4294967278,546
4294967279,203
4294967278,545
4294967279,202
4294967278,544
4294967279,350
4294967278,543
4294967279,349
4294967278,542
4294967279,348
4294967278,541
4294967279,198
4294967278,199
4294967279,347
4294967279,346
4294967278,540
4294967278,197
4294967278,539
4294967278,538
4294967279,345
4294967278,537
4294967279,344
4294967278,536
4294967278,194
4294967278,535
4294967279,343
4294967278,534
4294967293,131
4294967293,130
4294967293,129
4294967293,128
4294967293,127
4294967293,126
4294967293,125
4294967293,124
4294967293,123
4294967293,122
4294967293,121
4294967293,120
4294967293,119
4294967293,118
4294967293,117
4294967293,116
4294967293,115
4294967293,114
4294967293,113
4294967293,112
4294967293,111
4294967293,110
4294967293,109
4294967293,108
4294967293,107
4294967293,106
4294967293,105
4294967293,104
4294967293,103
4294967293,102
4294967293,101
4294967293,100
4294967293,99
4294967293,98
4294967293,97
4294967293,96
4294967293,95
4294967293,94
4294967293,93
4294967293,92
4294967293,91
4294967293,90
4294967293,89
4294967293,87
4294967293,86
4294967293,85
4294967293,84
4294967293,83
4294967293,82
4294967293,81
4294967293,80
4294967293,79
4294967293,78
4294967293,77
4294967293,76
4294967293,75
4294967293,74
4294967293,73
4294967293,72
4294967293,71
4294967293,70
4294967293,69
4294967293,68
4294967293,67
4294967293,66
4294967293,65
4294967293,64
4294967293,63
4294967293,62
4294967293,61
4294967293,60
4294967293,59
4294967293,58
4294967293,57
4294967293,56
4294967293,55
4294967293,54
4294967293,53
4294967293,52
4294967293,51
4294967293,50
4294967293,49
4294967293,48
4294967293,47
4294967293,46
4294967293,45
4294967293,44
4294967293,43
4294967293,42
4294967293,41
4294967293,40
4294967293,39
4294967293,38
4294967293,37
4294967293,36
4294967293,35
4294967293,34
4294967293,33
4294967293,32
4294967293,31
4294967293,30
4294967293,29
4294967293,28
4294967293,27
4294967293,26
4294967293,25
4294967293,24
4294967293,23
4294967293,22
4294967293,21
4294967293,20
4294967293,19
4294967293,18
4294967293,17
4294967293,16
4294967293,15
4294967293,14
4294967293,13
4294967293,12
4294967293,11
4294967293,10
4294967293,9
4294967293,8
4294967293,7
4294967293,6
4294967293,5
4294967293,4
4294967293,3
4294967278,110
4294967278,109
4294967278,108
4294967278,107
4294967278,106
4294967278,533
4294967279,342
4294967278,191
4294967279,341
25,4
4294967279,188
4294967294,395
4294967294,385
4294967294,116
4294967278,532
4294967279,340
4294967278,531
4294967279,339
4294967294,384
4294967294,191
4294967278,530
4294967279,338
4294967278,529
4294967279,337
4294967278,183
4294967279,181
4294967278,182
4294967279,180
25,5
4294967279,178
4294967278,181
4294967279,179
25,3
25,2
25,1
25,0
4294967279,336
4294967278,180
4294967278,528
4294967279,335
4294967278,527
4294967278,177
4294967279,334
4294967278,526
4294967278,105
4294967279,333
4294967278,175
4294967294,10
4294967279,332
4294967278,104
4294967278,103
4294967278,102
4294967278,101
4294967278,100
4294967279,331
4294967278,525
4294967279,330
4294967278,524
4294967279,329
4294967279,328
4294967278,523
4294967279,327
4294967278,522
4294967279,326
4294967279,325
4294967278,521
4294967279,324
